{
 "cells": [
  {
   "cell_type": "markdown",
   "metadata": {},
   "source": [
    "# HOMEWORK 2\n",
    "\n",
    "## Risk Management of Bonds\n",
    "\n",
    "-- Canel Biryol and Shashank Gupta"
   ]
  },
  {
   "cell_type": "markdown",
   "metadata": {},
   "source": [
    "## Question 1 \n",
    "\n",
    "For each tenor bucket, a 'haircut' $h_i$ is given.\n",
    "Let us assume this 'haircut' is proportional to the 99% VaR of bond returns\n",
    "\n",
    "\\begin{align}\n",
    "h_i \\propto \\sigma_i\n",
    "\\newline\n",
    "\\implies h_i = k\\sigma_i\n",
    "\\newline\n",
    "\\implies \\sigma_i = \\frac{h_i}{k}\n",
    "\\end{align}\n",
    "where $k$ is a constant\n",
    "\n",
    "Let $N_i$ be the net value held in bucket $i$. Then, the net value $N$ is given as:\n",
    "\\begin{align}\n",
    "N = \\sum_{i=1}^{10} N_i\n",
    "\\end{align}\n",
    "\n",
    "This gives us the weight of each bucket as following:\n",
    "\\begin{align}\n",
    "w_i = \\frac{N_i}{N}\n",
    "\\end{align}\n",
    "\n",
    "Now, assuming bond returns follow normal distribution, let $\\sigma$ be the standard deviation of the portfolio. Then:\n",
    "\\begin{align}\n",
    "\\sigma = \\sqrt{\\textbf{$w^\\intercal$ $\\Sigma$ $w$}}\n",
    "\\end{align}\n",
    "where $\\textbf{$w$}$ $\\Rightarrow$ weights vector and $\\Sigma$ $\\Rightarrow$ Covariance Matrix\n",
    "\n",
    "\n",
    "\\begin{align}\n",
    "\\implies \\sigma= \\sqrt{\\begin{bmatrix}w_1 & w_2 & \\ldots & w_{10} \\end{bmatrix}\n",
    "                        \\begin{bmatrix} \n",
    "                            \\sigma_{1}^{2} & \\sigma_{1}\\sigma_{2}\\rho_{12} & \\dots & \\sigma_{1}\\sigma_{10}\\rho_{110}\\\\\n",
    "                            \\sigma_{1}\\sigma_{2}\\rho_{12} & \\sigma_{2}^2 & \\dots \\\\\n",
    "                            \\vdots  &  & \\ddots & \\vdots \\\\\n",
    "                            \\sigma_{1}\\sigma_{10}\\rho_{110} &     &   & \\sigma_{10}^{2} \n",
    "                            \\end{bmatrix}\n",
    "                        \\begin{bmatrix}w_1 \\\\ w_2 \\\\ \\ldots \\\\ w_{10} \\end{bmatrix}}\n",
    "\\end{align}\n",
    "\n",
    "\\begin{align}\n",
    "= \\sqrt{\\sum_{i=1}^{10} \\sum_{j=1}^{10} \\sigma_i \\sigma_j \\rho_{ij} w_i w_j} \\\\\n",
    "= \\sqrt{\\sum_{i=1}^{10} \\sum_{j=1}^{10} \\frac{h_i}{k}\\frac{h_j}{k}\\rho_{ij}\\frac{N_i}{N}\\frac{N_j}{N}} \\\\\n",
    "\\implies \\sigma = \\frac{1}{kN} \\sqrt{\\sum_{i=1}^{10}\\sum_{j=1}^{10}\\rho_{ij}h_i h_j N_i N_j}\n",
    "\\end{align}\n",
    "  \n",
    "Now, since we assumed the bond returns to be distributed normally, a linear combination of them will also be normally distributed.\n",
    "  \n",
    "Hence, for the portfolio the haircut '$h$' will be given by:\n",
    "\\begin{align}\n",
    "h \\propto \\sigma\n",
    "\\newline\n",
    "\\implies h = k\\sigma \\\\\n",
    "\\end{align}\n",
    "\\begin{align}\n",
    "\\implies h = k  \\frac{1}{kN} \\sqrt{\\sum_{i=1}^{10}\\sum_{j=1}^{10}\\rho_{ij}h_i h_j N_i N_j} \\\\\n",
    "\\implies h = \\frac{1}{N} \\sqrt{\\sum_{i=1}^{10}\\sum_{j=1}^{10}\\rho_{ij}h_i h_j N_i N_j}\n",
    "\\end{align}\n",
    "\n",
    "Thus, the risk premium $\\textbf{R}$ is given by:\n",
    "\\begin{align}\n",
    "\\boxed{\\textbf{R} = h N\n",
    "= \\sqrt{\\sum_{i=1}^{10}\\sum_{j=1}^{10}\\rho_{ij}h_i h_j N_i N_j}}\n",
    "\\end{align}\n",
    "\n"
   ]
  },
  {
   "cell_type": "markdown",
   "metadata": {},
   "source": [
    "***\n",
    "## Question 2\n",
    "\n",
    "Using the link provided https://www.federalreserve.gov/datadownload/Choose.aspx?rel=H15 we downloaded the Constant Maturity Treasury (CMT) bond rates for the following tenors : 1-Month, 3-Month, 6-Month, 1-Year, 3-Year, 5-Year, 7-Year, 10-Year, 20-Year, and 30-Year. We only took a subsection of the data provided; from 2007-03-23 to 2017-03-23 (10 years data)\n",
    "\n",
    "We reduced the table headers to make it easier for Pandas to read it. The relevant file 'FRB_H15_reduced.csv' can be seen in the 'data' directory"
   ]
  },
  {
   "cell_type": "markdown",
   "metadata": {},
   "source": [
    "All the analysis in this has been done using the Python libraries 'Pandas' and 'NumPy'  \n",
    "\n",
    "First, we setup the Python dependencies:"
   ]
  },
  {
   "cell_type": "code",
   "execution_count": 3,
   "metadata": {
    "collapsed": true
   },
   "outputs": [],
   "source": [
    "import numpy as np\n",
    "import pandas as pd\n",
    "import scipy\n",
    "import matplotlib.pyplot as plt\n",
    "import seaborn as sns\n",
    "import math\n",
    "import datetime\n",
    "import matplotlib.pyplot as plt\n",
    "\n",
    "sns.set(color_codes=True)\n",
    "%matplotlib inline"
   ]
  },
  {
   "cell_type": "markdown",
   "metadata": {},
   "source": [
    "Next, we load the timeseries data into a Pandas dataframe:"
   ]
  },
  {
   "cell_type": "code",
   "execution_count": 4,
   "metadata": {
    "collapsed": false,
    "scrolled": false
   },
   "outputs": [
    {
     "data": {
      "text/html": [
       "<div>\n",
       "<table border=\"1\" class=\"dataframe\">\n",
       "  <thead>\n",
       "    <tr style=\"text-align: right;\">\n",
       "      <th></th>\n",
       "      <th>1-month</th>\n",
       "      <th>3-month</th>\n",
       "      <th>6-month</th>\n",
       "      <th>1-year</th>\n",
       "      <th>2-year</th>\n",
       "      <th>3-year</th>\n",
       "      <th>5-year</th>\n",
       "      <th>7-year</th>\n",
       "      <th>10-year</th>\n",
       "      <th>20-year</th>\n",
       "      <th>30-year</th>\n",
       "    </tr>\n",
       "    <tr>\n",
       "      <th>Date</th>\n",
       "      <th></th>\n",
       "      <th></th>\n",
       "      <th></th>\n",
       "      <th></th>\n",
       "      <th></th>\n",
       "      <th></th>\n",
       "      <th></th>\n",
       "      <th></th>\n",
       "      <th></th>\n",
       "      <th></th>\n",
       "      <th></th>\n",
       "    </tr>\n",
       "  </thead>\n",
       "  <tbody>\n",
       "    <tr>\n",
       "      <th>2007-03-23</th>\n",
       "      <td>5.24</td>\n",
       "      <td>5.08</td>\n",
       "      <td>5.10</td>\n",
       "      <td>4.93</td>\n",
       "      <td>4.60</td>\n",
       "      <td>4.54</td>\n",
       "      <td>4.52</td>\n",
       "      <td>4.54</td>\n",
       "      <td>4.62</td>\n",
       "      <td>4.88</td>\n",
       "      <td>4.80</td>\n",
       "    </tr>\n",
       "    <tr>\n",
       "      <th>2007-03-26</th>\n",
       "      <td>5.22</td>\n",
       "      <td>5.06</td>\n",
       "      <td>5.09</td>\n",
       "      <td>4.91</td>\n",
       "      <td>4.56</td>\n",
       "      <td>4.50</td>\n",
       "      <td>4.48</td>\n",
       "      <td>4.51</td>\n",
       "      <td>4.60</td>\n",
       "      <td>4.86</td>\n",
       "      <td>4.79</td>\n",
       "    </tr>\n",
       "    <tr>\n",
       "      <th>2007-03-27</th>\n",
       "      <td>5.20</td>\n",
       "      <td>5.08</td>\n",
       "      <td>5.09</td>\n",
       "      <td>4.91</td>\n",
       "      <td>4.58</td>\n",
       "      <td>4.51</td>\n",
       "      <td>4.50</td>\n",
       "      <td>4.53</td>\n",
       "      <td>4.62</td>\n",
       "      <td>4.89</td>\n",
       "      <td>4.81</td>\n",
       "    </tr>\n",
       "    <tr>\n",
       "      <th>2007-03-28</th>\n",
       "      <td>5.18</td>\n",
       "      <td>5.06</td>\n",
       "      <td>5.08</td>\n",
       "      <td>4.90</td>\n",
       "      <td>4.53</td>\n",
       "      <td>4.49</td>\n",
       "      <td>4.50</td>\n",
       "      <td>4.53</td>\n",
       "      <td>4.62</td>\n",
       "      <td>4.90</td>\n",
       "      <td>4.83</td>\n",
       "    </tr>\n",
       "    <tr>\n",
       "      <th>2007-03-29</th>\n",
       "      <td>5.05</td>\n",
       "      <td>5.05</td>\n",
       "      <td>5.06</td>\n",
       "      <td>4.90</td>\n",
       "      <td>4.58</td>\n",
       "      <td>4.52</td>\n",
       "      <td>4.53</td>\n",
       "      <td>4.55</td>\n",
       "      <td>4.64</td>\n",
       "      <td>4.90</td>\n",
       "      <td>4.83</td>\n",
       "    </tr>\n",
       "  </tbody>\n",
       "</table>\n",
       "</div>"
      ],
      "text/plain": [
       "            1-month  3-month  6-month  1-year  2-year  3-year  5-year  7-year  \\\n",
       "Date                                                                            \n",
       "2007-03-23     5.24     5.08     5.10    4.93    4.60    4.54    4.52    4.54   \n",
       "2007-03-26     5.22     5.06     5.09    4.91    4.56    4.50    4.48    4.51   \n",
       "2007-03-27     5.20     5.08     5.09    4.91    4.58    4.51    4.50    4.53   \n",
       "2007-03-28     5.18     5.06     5.08    4.90    4.53    4.49    4.50    4.53   \n",
       "2007-03-29     5.05     5.05     5.06    4.90    4.58    4.52    4.53    4.55   \n",
       "\n",
       "            10-year  20-year  30-year  \n",
       "Date                                   \n",
       "2007-03-23     4.62     4.88     4.80  \n",
       "2007-03-26     4.60     4.86     4.79  \n",
       "2007-03-27     4.62     4.89     4.81  \n",
       "2007-03-28     4.62     4.90     4.83  \n",
       "2007-03-29     4.64     4.90     4.83  "
      ]
     },
     "execution_count": 4,
     "metadata": {},
     "output_type": "execute_result"
    }
   ],
   "source": [
    "df = pd.read_csv('data/FRB_H15_reduced.csv')\n",
    "df['Date'] = pd.to_datetime(df['Date'])\n",
    "df = df.set_index('Date')\n",
    "# Get rid of rows with 'ND' as value\n",
    "df = df[df['1-month'] != 'ND']\n",
    "df = df.astype(float)\n",
    "# To see how the data looks like\n",
    "df.head()"
   ]
  },
  {
   "cell_type": "markdown",
   "metadata": {},
   "source": [
    "Let's see how the rates change over time:"
   ]
  },
  {
   "cell_type": "code",
   "execution_count": 5,
   "metadata": {
    "collapsed": false
   },
   "outputs": [
    {
     "data": {
      "text/html": [
       "<div>\n",
       "<table border=\"1\" class=\"dataframe\">\n",
       "  <thead>\n",
       "    <tr style=\"text-align: right;\">\n",
       "      <th></th>\n",
       "      <th>1-month</th>\n",
       "      <th>3-month</th>\n",
       "      <th>6-month</th>\n",
       "      <th>1-year</th>\n",
       "      <th>2-year</th>\n",
       "      <th>3-year</th>\n",
       "      <th>5-year</th>\n",
       "      <th>7-year</th>\n",
       "      <th>10-year</th>\n",
       "      <th>20-year</th>\n",
       "      <th>30-year</th>\n",
       "    </tr>\n",
       "    <tr>\n",
       "      <th>Date</th>\n",
       "      <th></th>\n",
       "      <th></th>\n",
       "      <th></th>\n",
       "      <th></th>\n",
       "      <th></th>\n",
       "      <th></th>\n",
       "      <th></th>\n",
       "      <th></th>\n",
       "      <th></th>\n",
       "      <th></th>\n",
       "      <th></th>\n",
       "    </tr>\n",
       "  </thead>\n",
       "  <tbody>\n",
       "    <tr>\n",
       "      <th>2007-03-26</th>\n",
       "      <td>-0.003817</td>\n",
       "      <td>-0.003937</td>\n",
       "      <td>-0.001961</td>\n",
       "      <td>-0.004057</td>\n",
       "      <td>-0.008696</td>\n",
       "      <td>-0.008811</td>\n",
       "      <td>-0.008850</td>\n",
       "      <td>-0.006608</td>\n",
       "      <td>-0.004329</td>\n",
       "      <td>-0.004098</td>\n",
       "      <td>-0.002083</td>\n",
       "    </tr>\n",
       "    <tr>\n",
       "      <th>2007-03-27</th>\n",
       "      <td>-0.003831</td>\n",
       "      <td>0.003953</td>\n",
       "      <td>0.000000</td>\n",
       "      <td>0.000000</td>\n",
       "      <td>0.004386</td>\n",
       "      <td>0.002222</td>\n",
       "      <td>0.004464</td>\n",
       "      <td>0.004435</td>\n",
       "      <td>0.004348</td>\n",
       "      <td>0.006173</td>\n",
       "      <td>0.004175</td>\n",
       "    </tr>\n",
       "    <tr>\n",
       "      <th>2007-03-28</th>\n",
       "      <td>-0.003846</td>\n",
       "      <td>-0.003937</td>\n",
       "      <td>-0.001965</td>\n",
       "      <td>-0.002037</td>\n",
       "      <td>-0.010917</td>\n",
       "      <td>-0.004435</td>\n",
       "      <td>0.000000</td>\n",
       "      <td>0.000000</td>\n",
       "      <td>0.000000</td>\n",
       "      <td>0.002045</td>\n",
       "      <td>0.004158</td>\n",
       "    </tr>\n",
       "    <tr>\n",
       "      <th>2007-03-29</th>\n",
       "      <td>-0.025097</td>\n",
       "      <td>-0.001976</td>\n",
       "      <td>-0.003937</td>\n",
       "      <td>0.000000</td>\n",
       "      <td>0.011038</td>\n",
       "      <td>0.006682</td>\n",
       "      <td>0.006667</td>\n",
       "      <td>0.004415</td>\n",
       "      <td>0.004329</td>\n",
       "      <td>0.000000</td>\n",
       "      <td>0.000000</td>\n",
       "    </tr>\n",
       "    <tr>\n",
       "      <th>2007-03-30</th>\n",
       "      <td>0.003960</td>\n",
       "      <td>-0.001980</td>\n",
       "      <td>0.000000</td>\n",
       "      <td>0.000000</td>\n",
       "      <td>0.000000</td>\n",
       "      <td>0.004425</td>\n",
       "      <td>0.002208</td>\n",
       "      <td>0.006593</td>\n",
       "      <td>0.002155</td>\n",
       "      <td>0.004082</td>\n",
       "      <td>0.002070</td>\n",
       "    </tr>\n",
       "  </tbody>\n",
       "</table>\n",
       "</div>"
      ],
      "text/plain": [
       "             1-month   3-month   6-month    1-year    2-year    3-year  \\\n",
       "Date                                                                     \n",
       "2007-03-26 -0.003817 -0.003937 -0.001961 -0.004057 -0.008696 -0.008811   \n",
       "2007-03-27 -0.003831  0.003953  0.000000  0.000000  0.004386  0.002222   \n",
       "2007-03-28 -0.003846 -0.003937 -0.001965 -0.002037 -0.010917 -0.004435   \n",
       "2007-03-29 -0.025097 -0.001976 -0.003937  0.000000  0.011038  0.006682   \n",
       "2007-03-30  0.003960 -0.001980  0.000000  0.000000  0.000000  0.004425   \n",
       "\n",
       "              5-year    7-year   10-year   20-year   30-year  \n",
       "Date                                                          \n",
       "2007-03-26 -0.008850 -0.006608 -0.004329 -0.004098 -0.002083  \n",
       "2007-03-27  0.004464  0.004435  0.004348  0.006173  0.004175  \n",
       "2007-03-28  0.000000  0.000000  0.000000  0.002045  0.004158  \n",
       "2007-03-29  0.006667  0.004415  0.004329  0.000000  0.000000  \n",
       "2007-03-30  0.002208  0.006593  0.002155  0.004082  0.002070  "
      ]
     },
     "execution_count": 5,
     "metadata": {},
     "output_type": "execute_result"
    }
   ],
   "source": [
    "df_change = df.pct_change()[1:]\n",
    "# Remove inf and NaN values in the dataframe\n",
    "df_change = df_change.replace([np.inf, -np.inf], np.nan)\n",
    "df_change = df_change.dropna(axis=0,how='any')\n",
    "# To see how the returns looks like\n",
    "df_change.head()"
   ]
  },
  {
   "cell_type": "markdown",
   "metadata": {},
   "source": [
    "### Historical Volatilities of interest rates ###\n",
    "\n",
    "Historical volatilities are the standard deviations for each interest rate:"
   ]
  },
  {
   "cell_type": "code",
   "execution_count": 6,
   "metadata": {
    "collapsed": false
   },
   "outputs": [
    {
     "data": {
      "text/plain": [
       "1-month    1.181415\n",
       "3-month    1.196069\n",
       "6-month    1.225081\n",
       "1-year     1.188313\n",
       "2-year     1.089356\n",
       "3-year     1.038817\n",
       "5-year     0.972643\n",
       "7-year     0.916562\n",
       "10-year    0.881610\n",
       "20-year    0.902208\n",
       "30-year    0.774207\n",
       "dtype: float64"
      ]
     },
     "execution_count": 6,
     "metadata": {},
     "output_type": "execute_result"
    }
   ],
   "source": [
    "volatilities = df.std()\n",
    "volatilities"
   ]
  },
  {
   "cell_type": "markdown",
   "metadata": {},
   "source": [
    "### Historical volatilities of interest rate returns###\n",
    "\n",
    "Historical volatilities are the standard deviations for returns of each interest rate:"
   ]
  },
  {
   "cell_type": "code",
   "execution_count": 7,
   "metadata": {
    "collapsed": false
   },
   "outputs": [
    {
     "data": {
      "text/plain": [
       "1-month    0.461274\n",
       "3-month    0.351918\n",
       "6-month    0.100285\n",
       "1-year     0.057110\n",
       "2-year     0.053362\n",
       "3-year     0.045894\n",
       "5-year     0.035948\n",
       "7-year     0.029280\n",
       "10-year    0.023022\n",
       "20-year    0.018105\n",
       "30-year    0.016603\n",
       "dtype: float64"
      ]
     },
     "execution_count": 7,
     "metadata": {},
     "output_type": "execute_result"
    }
   ],
   "source": [
    "vol_returns = df_change.std()\n",
    "vol_returns"
   ]
  },
  {
   "cell_type": "markdown",
   "metadata": {},
   "source": [
    "### Correlation matrix of interest rate ###"
   ]
  },
  {
   "cell_type": "code",
   "execution_count": 8,
   "metadata": {
    "collapsed": false,
    "scrolled": true
   },
   "outputs": [
    {
     "data": {
      "text/html": [
       "<div>\n",
       "<table border=\"1\" class=\"dataframe\">\n",
       "  <thead>\n",
       "    <tr style=\"text-align: right;\">\n",
       "      <th></th>\n",
       "      <th>1-month</th>\n",
       "      <th>3-month</th>\n",
       "      <th>6-month</th>\n",
       "      <th>1-year</th>\n",
       "      <th>2-year</th>\n",
       "      <th>3-year</th>\n",
       "      <th>5-year</th>\n",
       "      <th>7-year</th>\n",
       "      <th>10-year</th>\n",
       "      <th>20-year</th>\n",
       "      <th>30-year</th>\n",
       "    </tr>\n",
       "  </thead>\n",
       "  <tbody>\n",
       "    <tr>\n",
       "      <th>1-month</th>\n",
       "      <td>1.000000</td>\n",
       "      <td>0.996157</td>\n",
       "      <td>0.988650</td>\n",
       "      <td>0.980268</td>\n",
       "      <td>0.957150</td>\n",
       "      <td>0.922289</td>\n",
       "      <td>0.841645</td>\n",
       "      <td>0.762961</td>\n",
       "      <td>0.696912</td>\n",
       "      <td>0.574766</td>\n",
       "      <td>0.546457</td>\n",
       "    </tr>\n",
       "    <tr>\n",
       "      <th>3-month</th>\n",
       "      <td>0.996157</td>\n",
       "      <td>1.000000</td>\n",
       "      <td>0.996193</td>\n",
       "      <td>0.989637</td>\n",
       "      <td>0.968581</td>\n",
       "      <td>0.934291</td>\n",
       "      <td>0.853933</td>\n",
       "      <td>0.774537</td>\n",
       "      <td>0.707737</td>\n",
       "      <td>0.584191</td>\n",
       "      <td>0.553151</td>\n",
       "    </tr>\n",
       "    <tr>\n",
       "      <th>6-month</th>\n",
       "      <td>0.988650</td>\n",
       "      <td>0.996193</td>\n",
       "      <td>1.000000</td>\n",
       "      <td>0.997418</td>\n",
       "      <td>0.979444</td>\n",
       "      <td>0.946374</td>\n",
       "      <td>0.866561</td>\n",
       "      <td>0.785603</td>\n",
       "      <td>0.717580</td>\n",
       "      <td>0.592526</td>\n",
       "      <td>0.555005</td>\n",
       "    </tr>\n",
       "    <tr>\n",
       "      <th>1-year</th>\n",
       "      <td>0.980268</td>\n",
       "      <td>0.989637</td>\n",
       "      <td>0.997418</td>\n",
       "      <td>1.000000</td>\n",
       "      <td>0.988929</td>\n",
       "      <td>0.960377</td>\n",
       "      <td>0.883735</td>\n",
       "      <td>0.803226</td>\n",
       "      <td>0.732418</td>\n",
       "      <td>0.605738</td>\n",
       "      <td>0.563677</td>\n",
       "    </tr>\n",
       "    <tr>\n",
       "      <th>2-year</th>\n",
       "      <td>0.957150</td>\n",
       "      <td>0.968581</td>\n",
       "      <td>0.979444</td>\n",
       "      <td>0.988929</td>\n",
       "      <td>1.000000</td>\n",
       "      <td>0.989651</td>\n",
       "      <td>0.933236</td>\n",
       "      <td>0.862196</td>\n",
       "      <td>0.787439</td>\n",
       "      <td>0.658582</td>\n",
       "      <td>0.613263</td>\n",
       "    </tr>\n",
       "    <tr>\n",
       "      <th>3-year</th>\n",
       "      <td>0.922289</td>\n",
       "      <td>0.934291</td>\n",
       "      <td>0.946374</td>\n",
       "      <td>0.960377</td>\n",
       "      <td>0.989651</td>\n",
       "      <td>1.000000</td>\n",
       "      <td>0.971372</td>\n",
       "      <td>0.916118</td>\n",
       "      <td>0.843886</td>\n",
       "      <td>0.718547</td>\n",
       "      <td>0.671766</td>\n",
       "    </tr>\n",
       "    <tr>\n",
       "      <th>5-year</th>\n",
       "      <td>0.841645</td>\n",
       "      <td>0.853933</td>\n",
       "      <td>0.866561</td>\n",
       "      <td>0.883735</td>\n",
       "      <td>0.933236</td>\n",
       "      <td>0.971372</td>\n",
       "      <td>1.000000</td>\n",
       "      <td>0.983375</td>\n",
       "      <td>0.936492</td>\n",
       "      <td>0.836475</td>\n",
       "      <td>0.797046</td>\n",
       "    </tr>\n",
       "    <tr>\n",
       "      <th>7-year</th>\n",
       "      <td>0.762961</td>\n",
       "      <td>0.774537</td>\n",
       "      <td>0.785603</td>\n",
       "      <td>0.803226</td>\n",
       "      <td>0.862196</td>\n",
       "      <td>0.916118</td>\n",
       "      <td>0.983375</td>\n",
       "      <td>1.000000</td>\n",
       "      <td>0.980128</td>\n",
       "      <td>0.910874</td>\n",
       "      <td>0.881436</td>\n",
       "    </tr>\n",
       "    <tr>\n",
       "      <th>10-year</th>\n",
       "      <td>0.696912</td>\n",
       "      <td>0.707737</td>\n",
       "      <td>0.717580</td>\n",
       "      <td>0.732418</td>\n",
       "      <td>0.787439</td>\n",
       "      <td>0.843886</td>\n",
       "      <td>0.936492</td>\n",
       "      <td>0.980128</td>\n",
       "      <td>1.000000</td>\n",
       "      <td>0.972240</td>\n",
       "      <td>0.952036</td>\n",
       "    </tr>\n",
       "    <tr>\n",
       "      <th>20-year</th>\n",
       "      <td>0.574766</td>\n",
       "      <td>0.584191</td>\n",
       "      <td>0.592526</td>\n",
       "      <td>0.605738</td>\n",
       "      <td>0.658582</td>\n",
       "      <td>0.718547</td>\n",
       "      <td>0.836475</td>\n",
       "      <td>0.910874</td>\n",
       "      <td>0.972240</td>\n",
       "      <td>1.000000</td>\n",
       "      <td>0.987019</td>\n",
       "    </tr>\n",
       "    <tr>\n",
       "      <th>30-year</th>\n",
       "      <td>0.546457</td>\n",
       "      <td>0.553151</td>\n",
       "      <td>0.555005</td>\n",
       "      <td>0.563677</td>\n",
       "      <td>0.613263</td>\n",
       "      <td>0.671766</td>\n",
       "      <td>0.797046</td>\n",
       "      <td>0.881436</td>\n",
       "      <td>0.952036</td>\n",
       "      <td>0.987019</td>\n",
       "      <td>1.000000</td>\n",
       "    </tr>\n",
       "  </tbody>\n",
       "</table>\n",
       "</div>"
      ],
      "text/plain": [
       "          1-month   3-month   6-month    1-year    2-year    3-year    5-year  \\\n",
       "1-month  1.000000  0.996157  0.988650  0.980268  0.957150  0.922289  0.841645   \n",
       "3-month  0.996157  1.000000  0.996193  0.989637  0.968581  0.934291  0.853933   \n",
       "6-month  0.988650  0.996193  1.000000  0.997418  0.979444  0.946374  0.866561   \n",
       "1-year   0.980268  0.989637  0.997418  1.000000  0.988929  0.960377  0.883735   \n",
       "2-year   0.957150  0.968581  0.979444  0.988929  1.000000  0.989651  0.933236   \n",
       "3-year   0.922289  0.934291  0.946374  0.960377  0.989651  1.000000  0.971372   \n",
       "5-year   0.841645  0.853933  0.866561  0.883735  0.933236  0.971372  1.000000   \n",
       "7-year   0.762961  0.774537  0.785603  0.803226  0.862196  0.916118  0.983375   \n",
       "10-year  0.696912  0.707737  0.717580  0.732418  0.787439  0.843886  0.936492   \n",
       "20-year  0.574766  0.584191  0.592526  0.605738  0.658582  0.718547  0.836475   \n",
       "30-year  0.546457  0.553151  0.555005  0.563677  0.613263  0.671766  0.797046   \n",
       "\n",
       "           7-year   10-year   20-year   30-year  \n",
       "1-month  0.762961  0.696912  0.574766  0.546457  \n",
       "3-month  0.774537  0.707737  0.584191  0.553151  \n",
       "6-month  0.785603  0.717580  0.592526  0.555005  \n",
       "1-year   0.803226  0.732418  0.605738  0.563677  \n",
       "2-year   0.862196  0.787439  0.658582  0.613263  \n",
       "3-year   0.916118  0.843886  0.718547  0.671766  \n",
       "5-year   0.983375  0.936492  0.836475  0.797046  \n",
       "7-year   1.000000  0.980128  0.910874  0.881436  \n",
       "10-year  0.980128  1.000000  0.972240  0.952036  \n",
       "20-year  0.910874  0.972240  1.000000  0.987019  \n",
       "30-year  0.881436  0.952036  0.987019  1.000000  "
      ]
     },
     "execution_count": 8,
     "metadata": {},
     "output_type": "execute_result"
    }
   ],
   "source": [
    "corr_matrix = df.corr()\n",
    "# To show how the correlation matrix looks like\n",
    "corr_matrix"
   ]
  },
  {
   "cell_type": "markdown",
   "metadata": {},
   "source": [
    "### Correlation matrix of interest rate returns ###"
   ]
  },
  {
   "cell_type": "code",
   "execution_count": 9,
   "metadata": {
    "collapsed": false
   },
   "outputs": [
    {
     "data": {
      "text/html": [
       "<div>\n",
       "<table border=\"1\" class=\"dataframe\">\n",
       "  <thead>\n",
       "    <tr style=\"text-align: right;\">\n",
       "      <th></th>\n",
       "      <th>1-month</th>\n",
       "      <th>3-month</th>\n",
       "      <th>6-month</th>\n",
       "      <th>1-year</th>\n",
       "      <th>2-year</th>\n",
       "      <th>3-year</th>\n",
       "      <th>5-year</th>\n",
       "      <th>7-year</th>\n",
       "      <th>10-year</th>\n",
       "      <th>20-year</th>\n",
       "      <th>30-year</th>\n",
       "    </tr>\n",
       "  </thead>\n",
       "  <tbody>\n",
       "    <tr>\n",
       "      <th>1-month</th>\n",
       "      <td>1.000000</td>\n",
       "      <td>0.279559</td>\n",
       "      <td>0.156380</td>\n",
       "      <td>0.173430</td>\n",
       "      <td>0.064029</td>\n",
       "      <td>0.064352</td>\n",
       "      <td>0.048096</td>\n",
       "      <td>0.040466</td>\n",
       "      <td>0.043077</td>\n",
       "      <td>0.049016</td>\n",
       "      <td>0.047357</td>\n",
       "    </tr>\n",
       "    <tr>\n",
       "      <th>3-month</th>\n",
       "      <td>0.279559</td>\n",
       "      <td>1.000000</td>\n",
       "      <td>0.332921</td>\n",
       "      <td>0.199837</td>\n",
       "      <td>0.111603</td>\n",
       "      <td>0.097945</td>\n",
       "      <td>0.084455</td>\n",
       "      <td>0.070922</td>\n",
       "      <td>0.066900</td>\n",
       "      <td>0.055787</td>\n",
       "      <td>0.055254</td>\n",
       "    </tr>\n",
       "    <tr>\n",
       "      <th>6-month</th>\n",
       "      <td>0.156380</td>\n",
       "      <td>0.332921</td>\n",
       "      <td>1.000000</td>\n",
       "      <td>0.329809</td>\n",
       "      <td>0.227646</td>\n",
       "      <td>0.196749</td>\n",
       "      <td>0.183232</td>\n",
       "      <td>0.163512</td>\n",
       "      <td>0.161944</td>\n",
       "      <td>0.148297</td>\n",
       "      <td>0.147718</td>\n",
       "    </tr>\n",
       "    <tr>\n",
       "      <th>1-year</th>\n",
       "      <td>0.173430</td>\n",
       "      <td>0.199837</td>\n",
       "      <td>0.329809</td>\n",
       "      <td>1.000000</td>\n",
       "      <td>0.504137</td>\n",
       "      <td>0.480754</td>\n",
       "      <td>0.435947</td>\n",
       "      <td>0.404599</td>\n",
       "      <td>0.378125</td>\n",
       "      <td>0.334286</td>\n",
       "      <td>0.323005</td>\n",
       "    </tr>\n",
       "    <tr>\n",
       "      <th>2-year</th>\n",
       "      <td>0.064029</td>\n",
       "      <td>0.111603</td>\n",
       "      <td>0.227646</td>\n",
       "      <td>0.504137</td>\n",
       "      <td>1.000000</td>\n",
       "      <td>0.845946</td>\n",
       "      <td>0.796243</td>\n",
       "      <td>0.736552</td>\n",
       "      <td>0.680432</td>\n",
       "      <td>0.594327</td>\n",
       "      <td>0.558889</td>\n",
       "    </tr>\n",
       "    <tr>\n",
       "      <th>3-year</th>\n",
       "      <td>0.064352</td>\n",
       "      <td>0.097945</td>\n",
       "      <td>0.196749</td>\n",
       "      <td>0.480754</td>\n",
       "      <td>0.845946</td>\n",
       "      <td>1.000000</td>\n",
       "      <td>0.923004</td>\n",
       "      <td>0.871416</td>\n",
       "      <td>0.815739</td>\n",
       "      <td>0.724822</td>\n",
       "      <td>0.684714</td>\n",
       "    </tr>\n",
       "    <tr>\n",
       "      <th>5-year</th>\n",
       "      <td>0.048096</td>\n",
       "      <td>0.084455</td>\n",
       "      <td>0.183232</td>\n",
       "      <td>0.435947</td>\n",
       "      <td>0.796243</td>\n",
       "      <td>0.923004</td>\n",
       "      <td>1.000000</td>\n",
       "      <td>0.968248</td>\n",
       "      <td>0.927013</td>\n",
       "      <td>0.848760</td>\n",
       "      <td>0.810990</td>\n",
       "    </tr>\n",
       "    <tr>\n",
       "      <th>7-year</th>\n",
       "      <td>0.040466</td>\n",
       "      <td>0.070922</td>\n",
       "      <td>0.163512</td>\n",
       "      <td>0.404599</td>\n",
       "      <td>0.736552</td>\n",
       "      <td>0.871416</td>\n",
       "      <td>0.968248</td>\n",
       "      <td>1.000000</td>\n",
       "      <td>0.967684</td>\n",
       "      <td>0.908334</td>\n",
       "      <td>0.876774</td>\n",
       "    </tr>\n",
       "    <tr>\n",
       "      <th>10-year</th>\n",
       "      <td>0.043077</td>\n",
       "      <td>0.066900</td>\n",
       "      <td>0.161944</td>\n",
       "      <td>0.378125</td>\n",
       "      <td>0.680432</td>\n",
       "      <td>0.815739</td>\n",
       "      <td>0.927013</td>\n",
       "      <td>0.967684</td>\n",
       "      <td>1.000000</td>\n",
       "      <td>0.958993</td>\n",
       "      <td>0.936166</td>\n",
       "    </tr>\n",
       "    <tr>\n",
       "      <th>20-year</th>\n",
       "      <td>0.049016</td>\n",
       "      <td>0.055787</td>\n",
       "      <td>0.148297</td>\n",
       "      <td>0.334286</td>\n",
       "      <td>0.594327</td>\n",
       "      <td>0.724822</td>\n",
       "      <td>0.848760</td>\n",
       "      <td>0.908334</td>\n",
       "      <td>0.958993</td>\n",
       "      <td>1.000000</td>\n",
       "      <td>0.980326</td>\n",
       "    </tr>\n",
       "    <tr>\n",
       "      <th>30-year</th>\n",
       "      <td>0.047357</td>\n",
       "      <td>0.055254</td>\n",
       "      <td>0.147718</td>\n",
       "      <td>0.323005</td>\n",
       "      <td>0.558889</td>\n",
       "      <td>0.684714</td>\n",
       "      <td>0.810990</td>\n",
       "      <td>0.876774</td>\n",
       "      <td>0.936166</td>\n",
       "      <td>0.980326</td>\n",
       "      <td>1.000000</td>\n",
       "    </tr>\n",
       "  </tbody>\n",
       "</table>\n",
       "</div>"
      ],
      "text/plain": [
       "          1-month   3-month   6-month    1-year    2-year    3-year    5-year  \\\n",
       "1-month  1.000000  0.279559  0.156380  0.173430  0.064029  0.064352  0.048096   \n",
       "3-month  0.279559  1.000000  0.332921  0.199837  0.111603  0.097945  0.084455   \n",
       "6-month  0.156380  0.332921  1.000000  0.329809  0.227646  0.196749  0.183232   \n",
       "1-year   0.173430  0.199837  0.329809  1.000000  0.504137  0.480754  0.435947   \n",
       "2-year   0.064029  0.111603  0.227646  0.504137  1.000000  0.845946  0.796243   \n",
       "3-year   0.064352  0.097945  0.196749  0.480754  0.845946  1.000000  0.923004   \n",
       "5-year   0.048096  0.084455  0.183232  0.435947  0.796243  0.923004  1.000000   \n",
       "7-year   0.040466  0.070922  0.163512  0.404599  0.736552  0.871416  0.968248   \n",
       "10-year  0.043077  0.066900  0.161944  0.378125  0.680432  0.815739  0.927013   \n",
       "20-year  0.049016  0.055787  0.148297  0.334286  0.594327  0.724822  0.848760   \n",
       "30-year  0.047357  0.055254  0.147718  0.323005  0.558889  0.684714  0.810990   \n",
       "\n",
       "           7-year   10-year   20-year   30-year  \n",
       "1-month  0.040466  0.043077  0.049016  0.047357  \n",
       "3-month  0.070922  0.066900  0.055787  0.055254  \n",
       "6-month  0.163512  0.161944  0.148297  0.147718  \n",
       "1-year   0.404599  0.378125  0.334286  0.323005  \n",
       "2-year   0.736552  0.680432  0.594327  0.558889  \n",
       "3-year   0.871416  0.815739  0.724822  0.684714  \n",
       "5-year   0.968248  0.927013  0.848760  0.810990  \n",
       "7-year   1.000000  0.967684  0.908334  0.876774  \n",
       "10-year  0.967684  1.000000  0.958993  0.936166  \n",
       "20-year  0.908334  0.958993  1.000000  0.980326  \n",
       "30-year  0.876774  0.936166  0.980326  1.000000  "
      ]
     },
     "execution_count": 9,
     "metadata": {},
     "output_type": "execute_result"
    }
   ],
   "source": [
    "corr_matrix_returns = df_change.corr()\n",
    "# To show how the correlation matrix looks like\n",
    "corr_matrix_returns"
   ]
  },
  {
   "cell_type": "markdown",
   "metadata": {},
   "source": [
    "### Distribution of interest rates ###\n",
    "\n",
    "To see what kind of distribution the interest rates follow, we decided to plot a histogram for tenors 3-Months, 6-Months, 2-Years, 5-years, and 10-Years, using the data we had:"
   ]
  },
  {
   "cell_type": "code",
   "execution_count": 16,
   "metadata": {
    "collapsed": false
   },
   "outputs": [
    {
     "data": {
